42
0.02086393
-0.001889311
-0.06733956
0.05684845
0.06264908
-0.03623072
0.07455923
-0.08161452
-0.007842243
-0.02415868
-0.04192983
0.02189304
0.04782054
0.01523699
-0.07927502
-0.05459059
-0.05784788
-0.01161269
-0.04383766
0.004872859
0.07656076
0.09815425
-0.01442641
0.004173815
-0.01244251
-0.07371538
0.002191745
-0.09829415
-0.03281366
-0.005651794
0.009810887
0.0772495
-0.02246042
0.02354489
-0.009731635
-0.00775703
0.05737967
0.06613505
0.06528933
0.06378186
0.09460681
0.05368187
-0.03711068
-0.008150563
-0.09292049
0.04698448
-0.06207218
0.03541085
0.008350953
0.07969854
0.06702268
0.03160474
0.08606026
-0.06384832
0.02188431
-0.006158911
-0.01120196
0.04694936
0.01945056
-0.09621985
0.04640102
0.04201159
-0.03064946
-0.05924911
0.06555135
0.008873686
-0.01898779
-0.06296986
-0.004753053
0.08345187
-0.04503635
-0.05849204
0.0851917
-0.07943024
0.03205328
-0.01689707
-0.05129904
0.01969646
0.08623886
0.07935128
0.04069326
-0.06556761
-0.09418292
0.04280116
0.09104259
0.0923435
0.03596342
-0.01685315
-0.01864699
0.05183818
-0.05860991
0.01594962
0.008651271
0.0001226291
-0.08984631
-0.07248116
-0.07813735
0.05225334
-0.02580997
0.02044779
0.07124946
-0.09867168
-0.06977952
-0.09713902
0.08013594
-0.031087
-0.045108
0.06695502
-0.04627634
0.006374322
-0.07966704
-0.01239644
-0.07006898
-0.08830637
-0.02904547
-0.06375277
-0.02316271
-0.04230372
0.02261318
0.05573902
0.09316485
0.08316982
0.01455428
-0.05869303
-0.08678012
-0.0340218
