210
-0,08784277
-0,09835873
0,03932373
0,05550642
0,08407233
0,06396346
-0,007432714
0,004280008
0,07841391
0,0005988702
0,06995886
0,009597525
0,09648154
-0,0359414
0,07904679
0,01169907
0,08990819
-0,007372536
-0,01762456
-0,02538682
0,07591424
0,09923262
0,01015171
0,003758468
-0,006286561
0,09633709
0,06779604
-0,0208355
-0,06373888
-0,09414747
-0,001964226
0,09692544
-0,09510098
0,01010953
-0,05630362
-0,07368392
-0,05824358
-0,05998509
0,003858365
0,08830719
0,07579178
0,02375487
-0,07725687
0,03777117
-0,06977124
0,005280197
-0,03019625
-0,0385677
-0,04078496
0,08126707
-0,0432067
0,04644835
-0,06858227
-0,04811556
-0,09831319
0,03969183
0,02024688
0,06987617
-0,03916963
-0,01134821
0,03168354
0,03011172
-0,07122915
0,03548408
0,02128984
0,02824049
0,08073594
0,01615466
0,06822342
0,04790237
0,07987223
-0,09669984
0,01764289
0,05060408
-0,007132947
-0,09434927
0,0596844
-0,09080274
-0,0004312173
0,08643796
-0,04081937
0,04172542
-0,03398794
0,0007925183
-0,03763939
0,05780346
0,08728588
0,009810507
-0,07566497
-0,05652807
0,03243189
-0,09258912
0,03556526
-0,003758132
-0,04904026
-0,002614394
0,02167076
-0,01475726
0,03631425
0,001757041
0,06985283
0,05178053
-0,01726495
0,0510328
-0,006716952
0,08067184
-0,03662432
-0,003551736
0,06774847
-0,07476049
0,07065003
-0,006531872
0,08418434
0,09863021
0,03137665
0,02042533
0,05025706
-0,06642547
0,06550209
0,06292741
-0,03445347
0,06205866
0,0656688
0,06280725
-0,08709767
0,02142473
0,03522835
-0,02507538
0,08816888
0,05701339
-0,05458439
-0,06488371
0,03632762
-0,07756672
0,09291048
-0,03143943
0,02688565
0,01389045
-0,08317194
-0,04115761
0,03195541
-0,08789457
-0,00677935
-0,003788337
-0,05914307
-0,06923848
0,06290536
-0,07039697
-0,01263632
0,06941178
-0,001279607
0,04802646
-0,01445605
-0,09540381
-0,06669395
0,05600262
0,0008609444
0,09319752
0,0680418
-0,03724734
0,04137242
-0,01209203
-0,005670466
0,06426678
-0,05238106
0,07144306
0,06833053
0,04037023
-0,05482066
0,07378561
0,08144086
0,0846379
0,074172
0,03310771
-0,01637622
-0,07875169
-0,03677951
-0,01180238
-0,0902387
-0,006251559
0,09736624
0,02252458
0,08584175
0,05019817
-0,00416223
-0,05733071
0,03146257
0,06698422
0,07793987
-0,09942978
-0,05053551
0,08734896
-0,01932176
0,07560454
-0,03825108
0,03303885
0,02692168
-0,03367945
-0,08061843
0,09624798
0,08034246
-0,06478589
0,08613062
-0,06700689
0,04855961
-0,09006522
0,04146323
-0,01188477
-0,08801093
0,02655763
0,08700204
0,0339215
0,09851532
-0,08784737
0,02408465
-0,0356834
-0,05066731
0,03413007
-0,005412899
0,05040185
-0,002174079
-0,04018695
-0,07448345
-0,08747309
0,02522612
-0,02749373
-0,08889744
0,09117002
-0,08615861
-0,02223657
-0,07143261
0,01009685
-0,004147187
0,05486948
-0,05740166
-0,09377999
0,05388946
0,01949257
-0,09192152
-0,0004734397
0,001912035
0,06017389
-0,05723212
-0,03958245
-0,003700219
0,01134016
0,05917492
-0,0328178
0,07246542
-0,07947483
0,07475545
-0,09314837
-0,09341341
0,009117402
-0,0396359
0,05121228
0,05449536
0,05564637
-0,06265094
0,05641615
-0,08257239
0,06309848
0,01878999
0,0007278547
-0,02455693
0,09240537
-0,05902076
-0,03245064
0,03238671
0,02794981
0,06540048
-0,03467201
0,06572463
-0,02739238
-0,0466181
0,09380489
0,002339736
0,03552649
-0,09478302
0,0548083
-0,004039727
-0,03097712
-0,01990543
-0,003973924
-0,01809057
-0,0246385
-0,08385696
-0,07664789
0,06490336
0,04462034
0,05464594
0,03135802
0,03085055
-0,02604278
-0,02421538
0,004454412
0,03005705
0,02625174
-0,03191496
0,02689137
-0,03533164
0,00724186
-0,01252154
-0,03407199
0,0874752
0,07821307
-0,03455123
-0,07992292
-0,03921727
-0,009769022
-0,08664625
0,04801495
0,001408353
0,03575461
0,07980508
-0,01939305
-0,04154059
0,03055279
-0,02973019
-0,07286794
-0,06842595
0,002707779
-0,04894038
-0,08749742
-0,04413701
0,07009459
0,0974865
-0,003775515
-0,05658102
-0,0003879666
-0,09752513
-0,04723632
0,07727136
0,004666843
0,08240996
0,04235468
-0,04416389
-0,002241649
-0,02512685
0,07492385
-0,09991295
0,007738076
0,03017097
-0,09773698
-0,09907789
0,07706144
-0,03042666
0,09428149
0,09963781
-0,05389178
-0,09727059
-0,09504292
-0,01102255
0,04157156
-0,03546394
-0,07063458
0,04391205
0,01052681
-0,07733912
0,02088195
0,04557507
-0,03269609
-0,008555159
-0,07108147
-0,09450776
0,0002811328
-0,02937574
-0,09186747
-0,0273908
0,03730083
0,05319772
0,01704608
-0,09915631
-0,09556525
-0,04903101
-0,001790702
-0,07993505
-0,06435397
-0,01482199
0,08882797
0,09627578
0,06063969
0,03016663
0,04972844
-0,03908654
0,04733098
0,09406994
-0,01753513
-0,06952817
-0,0985784
-0,03226463
0,06542335
0,06853388
-0,009008065
0,05091316
-0,05708075
0,08722525
0,07035027
-0,0400325
-0,09087601
0,02793159
-0,04480044
-0,09952868
0,02138768
0,07879148
0,0564573
-0,08943289
0,02803342
0,0520452
-0,0977164
0,04242618
0,02796159
-0,01480156
0,03049609
0,05674762
-0,08578434
-0,0690851
-0,03846812
0,002955996
0,07808576
-0,06537705
0,06167619
0,05479658
0,01381125
-0,07634041
0,05591762
-0,08472639
-0,01119415
0,07626603
-0,05010285
-0,0204244
0,08317695
-0,08421748
-0,0480957
0,01999255
-0,01186837
-0,02911028
-0,08504773
-0,09694288
0,05535769
-0,04455885
0,04794733
0,03979611
-0,09925983
-0,09704519
-0,08743685
0,05437388
-0,09801858
0,000189364
0,0101529
0,05711348
-0,05718584
0,01793064
-0,0598264
0,06863124
-0,05496078
-0,0363541
0,01468681
0,05209012
-0,04477722
-0,09459064
0,06752028
0,0199093
0,07650077
-0,01401518
0,02396075
-0,09562737
0,08044839
-0,05401938
0,0961528
-0,05546892
-0,03535918
0,06861994
0,06661797
-0,01258785
0,04521877
0,086147
-0,04060215
0,06172103
-0,03657759
-0,02270783
-0,005185805
-0,057104
0,01734103
0,01045245
-0,09510686
0,005016342
0,08449846
-0,06898158
-0,05636096
-0,01149856
-0,002892531
-0,04176951
0,02473201
-0,053155
-0,005652174
-0,06408336
-0,05235646
0,06238601
0,0175181
0,0477201
0,0676321
0,02923629
0,05880213
0,07429618
-0,026168
0,04223645
0,01919407
0,08069241
-0,0886059
0,08588078
0,02381736
0,05063713
-0,02255391
-0,06709921
-0,02201422
-0,08257534
-0,03326165
-0,06023154
-0,08439124
-0,06994123
-0,01349472
0,009347498
-0,005845174
-0,0466344
-0,08737785
-0,0999096
0,07416532
-0,02643775
0,09168773
-0,03852817
0,05089421
-0,03820232
-0,01435989
0,07943926
0,08553586
-0,0162393
0,06817596
0,02293483
0,08687931
-0,005179465
-0,05010324
-0,002658188
0,07269794
-0,04723138
-0,06885094
-0,06758661
0,05900373
-0,01876274
0,007567249
0,04282219
0,09063304
-0,0720542
0,09118348
-0,07935495
-0,0112569
-0,07259872
0,0267255
-0,03994628
0,05095846
0,09711266
0,04218812
0,03693852
-0,0610872
-0,03829011
-0,09610678
-0,003557481
0,06828124
0,01165949
-0,09599596
0,06562226
0,001851454
0,08656437
-0,02378589
-0,04243942
-0,09619079
-0,03048288
-0,0001920611
-0,05706828
-0,09319342
0,006325446
0,08528166
-0,008864298
-0,05734486
0,003274024
0,07817084
0,01415378
0,04806921
0,06508746
-0,06847952
0,04717512
0,03832812
-0,0945889
-0,06533229
0,07233641
-0,04865416
0,08343
0,08690912
-0,05361801
0,0479821
0,0919667
-0,09862321
0,09819148
0,09775621
0,01478516
0,08588272
0,0723043
0,002317108
0,09065843
-0,03557653
-0,07625876
0,0773953
0,06547887
-0,08215076
0,09015372
-0,01629468
-0,01536292
-0,06096921
0,01310579
0,01639336
-0,009953126
0,03350038
-0,05263412
-0,06404879
0,07226956
-0,03797782
-0,05624292
0,02154388
0,02380701
0,05059263
