11
Start
0
3
0
0
0
0
1
1
1
1
Goal
0
17
0
0
0
0
1
1
1
1
Cube (0)
0
0
0
0
0
0
1
20
0,1
20
Cube (1)
0
20
0
0
0
0
1
20
0,1
20
Cube (2)
0
10
-10
0
0
0
1
20
20
0,1
Cube (3)
0
10
10
0
0
0
1
20
20
0,1
Cube (4)
10
10
0
0
0
0
1
0,1
20
20
Cube (5)
-10
10
0
0
0
0
1
0,1
20
20
Cube (6)
0
10
0
0
0
0
1
5
0,1
5
Cube (7)
-5
5
0
0
0
0
1
10
0,1
20
Cube (8)
5
15
0
0
0
0
1
10
0,1
10
1
500
250
3
1
50
EN